f1 = 0.9017203875815701
loss = 0.09953568850124504
precision = 0.8986992510839574
recall = 0.9047619047619048
